[Atlas_info]
/atlas/playa_atlas.png
2048 768
64 64
58 58
[ID_Matrix]
272 273 272 273 272 273 272 273 272 273 272 273 272 273 272 273 272 273 272 273 272 273 272 273 272 273 272 273 272 273 272 273 272 273 272 273 272 273 272 273 272 273 272 273 272 273 272 273 272 273 272 273 272 273 272 273 272 273 
304 305 304 305 304 305 304 305 304 305 304 305 304 305 304 305 304 305 304 305 304 305 304 305 304 305 304 305 304 305 304 305 304 305 304 305 304 305 304 305 304 305 304 305 304 305 304 305 304 305 304 305 304 305 304 305 304 305 
272 273 272 273 272 273 272 273 272 273 272 273 272 273 272 273 272 273 272 273 272 273 272 273 272 273 272 273 272 273 272 273 272 273 272 273 272 273 272 273 272 273 272 273 272 273 272 273 272 273 272 273 272 273 272 273 272 273 
304 305 304 305 304 305 304 305 304 305 304 305 304 305 304 305 304 305 304 305 304 305 304 305 304 305 304 305 304 305 304 305 304 305 304 305 304 305 304 305 304 305 304 305 304 305 304 305 304 305 304 305 304 305 304 305 304 305 
272 273 272 273 272 273 272 273 272 273 272 273 272 273 272 273 272 273 272 273 272 273 272 273 272 273 272 273 272 273 272 273 272 273 272 273 272 273 272 273 272 273 272 273 272 273 272 273 272 273 272 273 272 273 272 273 272 273 
304 305 304 305 304 305 304 305 304 305 304 305 304 305 304 305 304 305 304 305 304 305 304 305 304 305 304 305 304 305 304 305 304 305 304 305 304 305 304 305 304 305 304 305 304 305 304 305 304 305 304 305 304 305 304 305 304 305 
272 273 272 273 272 273 272 273 272 273 272 273 272 273 272 273 272 273 272 273 272 273 272 273 272 273 272 273 272 273 272 273 272 273 272 273 272 273 272 273 272 273 272 273 272 273 272 273 272 273 272 273 272 273 272 273 272 273 
304 305 304 305 304 305 304 305 304 305 304 305 304 305 304 305 304 305 304 305 304 305 304 305 304 305 304 305 304 305 304 305 304 305 304 305 304 305 304 305 304 305 304 305 304 305 304 305 304 305 304 305 304 305 304 305 304 305 
272 273 272 273 272 273 272 273 272 273 272 273 272 273 272 273 272 273 272 273 272 273 272 273 272 273 272 273 272 273 272 273 272 273 272 273 272 273 272 273 272 273 272 273 272 273 272 273 272 273 272 273 272 273 272 273 272 273 
304 305 304 305 304 305 304 305 304 305 304 305 304 305 304 305 304 305 304 305 304 305 304 305 304 305 304 305 304 305 304 305 304 305 304 305 304 305 304 305 304 305 304 305 304 305 304 305 304 305 304 305 304 305 304 305 304 305 
272 273 272 273 272 273 272 273 272 273 272 273 272 273 272 273 272 273 272 273 272 273 272 273 272 273 272 273 272 273 272 273 272 273 272 273 272 273 272 273 272 273 272 273 272 273 272 273 272 273 272 273 272 273 272 273 272 273 
304 305 304 305 304 305 304 305 304 305 304 305 304 305 304 305 304 305 304 305 304 305 304 305 304 305 304 305 304 305 304 305 304 305 304 305 304 305 304 305 304 305 304 305 304 305 304 305 304 305 304 305 304 305 304 305 304 305 
272 273 272 273 272 273 272 273 272 273 272 273 272 273 272 273 272 273 272 273 272 273 272 273 272 273 272 273 272 273 272 273 272 273 272 273 272 273 272 273 272 273 272 273 272 273 272 273 272 273 272 273 272 273 272 273 272 273 
304 305 304 305 304 305 304 305 304 305 304 305 304 305 304 305 304 305 304 305 304 305 304 305 304 305 304 305 304 305 304 305 304 305 304 305 304 305 304 305 304 305 304 305 304 305 304 305 304 305 304 305 304 305 304 305 304 305 
272 273 272 273 272 273 272 273 272 273 272 273 272 273 272 273 272 273 272 273 272 273 272 273 272 273 272 273 272 273 272 273 272 273 272 273 272 273 272 273 272 273 272 273 272 273 272 273 272 273 272 273 272 273 272 273 272 273 
304 305 304 305 304 305 304 305 304 305 304 305 304 305 304 305 304 305 304 305 304 305 304 305 304 305 304 305 304 305 304 305 304 305 304 305 304 305 304 305 304 305 304 305 304 305 304 305 304 305 304 305 304 305 304 305 304 305 
272 273 272 273 272 273 272 273 272 273 272 273 272 273 272 273 272 273 272 273 272 273 272 273 272 273 272 273 272 273 272 273 272 273 272 273 272 273 272 273 272 273 272 273 272 273 272 273 272 273 272 273 272 273 272 273 272 273 
304 305 304 305 304 305 304 305 304 305 304 305 304 305 304 305 304 305 304 305 304 305 304 305 304 305 304 305 304 305 304 305 304 305 304 305 304 305 304 305 304 305 304 305 304 305 304 305 304 305 304 305 304 305 304 305 304 305 
272 273 272 273 272 273 272 273 272 273 272 273 272 273 272 273 272 273 272 273 272 273 272 273 272 273 272 273 272 273 272 273 272 273 272 273 272 273 272 273 272 273 272 273 272 273 272 273 272 273 272 273 272 273 272 273 272 273 
304 305 304 305 304 305 304 305 304 305 304 305 304 305 304 305 304 305 304 305 304 305 304 305 304 305 304 305 304 305 304 305 304 305 304 305 304 305 304 305 304 305 304 305 304 305 304 305 304 305 304 305 304 305 304 305 304 305 
272 273 272 273 272 273 272 273 272 273 272 273 272 273 272 273 272 273 272 273 272 273 272 273 272 273 272 273 272 273 272 273 272 273 272 273 272 273 272 273 272 273 272 273 272 273 272 273 272 273 272 273 272 273 272 273 272 273 
304 305 304 305 304 305 304 305 304 305 304 305 304 305 304 305 304 305 304 305 304 305 304 305 304 305 304 305 304 305 304 305 304 305 304 305 304 305 304 305 304 305 304 305 304 305 304 305 304 305 304 305 304 305 304 305 304 305 
272 273 272 273 272 273 272 273 272 273 272 273 272 273 272 273 272 273 272 273 272 273 272 273 272 273 272 273 272 273 272 273 272 273 272 273 272 273 272 273 272 273 272 273 272 273 272 273 272 273 272 273 272 273 272 273 272 273 
304 305 304 305 304 305 304 305 304 305 304 305 304 305 304 305 304 305 304 305 304 305 304 305 304 305 304 305 304 305 304 305 304 305 304 305 304 305 304 305 304 305 304 305 304 305 304 305 304 305 304 305 304 305 304 305 304 305 
272 273 272 273 272 273 272 273 272 273 272 273 272 273 272 273 272 273 272 273 272 273 272 273 272 273 272 273 272 273 272 273 272 273 272 273 272 273 272 273 272 273 272 273 272 273 272 273 272 273 272 273 272 273 272 273 272 273 
304 305 304 305 304 305 304 305 304 305 304 305 304 305 304 305 304 305 304 305 304 305 304 305 304 305 304 305 304 305 304 305 304 305 304 305 304 305 304 305 304 305 304 305 304 305 304 305 304 305 304 305 304 305 304 305 304 305 
272 273 272 273 272 273 272 273 272 273 272 273 272 273 272 273 272 273 272 273 272 273 272 273 272 273 272 273 272 273 272 273 272 273 272 273 272 273 272 273 272 273 272 273 272 273 272 273 272 273 272 273 272 273 272 273 272 273 
304 305 304 305 304 305 304 305 304 305 304 305 304 305 304 305 304 305 304 305 304 305 304 305 304 305 304 305 304 305 304 305 304 305 304 305 304 305 304 305 304 305 304 305 304 305 304 305 304 305 304 305 304 305 304 305 304 305 
272 273 272 273 272 273 272 273 272 273 272 273 272 273 272 273 272 273 272 273 272 273 272 273 272 273 272 273 272 273 272 273 272 273 272 273 272 273 272 273 272 273 272 273 272 273 272 273 272 273 272 273 272 273 272 273 272 273 
304 305 304 305 304 305 304 305 304 305 304 305 304 305 304 305 304 305 304 305 304 305 304 305 304 305 304 305 304 305 304 305 304 305 304 305 304 305 304 305 304 305 304 305 304 305 304 305 304 305 304 305 304 305 304 305 304 305 
272 273 272 273 272 273 272 273 272 273 272 273 272 273 272 273 272 273 272 273 272 273 272 273 272 273 272 273 272 273 272 273 272 273 272 273 272 273 272 273 272 273 272 273 272 273 272 273 272 273 272 273 272 273 272 273 272 273 
304 305 304 305 304 305 304 305 304 305 304 305 304 305 304 305 304 305 304 305 304 305 304 305 304 305 304 305 304 305 304 305 304 305 304 305 304 305 304 305 304 305 304 305 304 305 304 305 304 305 304 305 304 305 304 305 304 305 
272 273 272 273 272 273 272 273 272 273 272 273 272 273 272 273 272 273 272 273 272 273 272 273 272 273 272 273 272 273 272 273 272 273 272 273 272 273 272 273 272 273 272 273 272 273 272 273 272 273 272 273 272 273 272 273 272 273 
304 305 304 305 304 305 304 305 304 305 304 305 304 305 304 305 304 305 304 305 304 305 304 305 304 305 304 305 304 305 304 305 304 305 304 305 304 305 304 305 304 305 304 305 304 305 304 305 304 305 304 305 304 305 304 305 304 305 
272 273 272 273 272 273 272 273 272 273 272 273 272 273 272 273 272 273 272 273 272 273 272 273 272 273 272 273 272 273 272 273 272 273 272 273 272 273 272 273 272 273 272 273 272 273 272 273 272 273 272 273 272 273 272 273 272 273 
304 305 304 305 304 305 304 305 304 305 304 305 304 305 304 305 304 305 304 305 304 305 304 305 304 305 304 305 304 305 304 305 304 305 304 305 304 305 304 305 304 305 304 305 304 305 304 305 304 305 304 305 304 305 304 305 304 305 
272 273 272 273 272 273 272 273 272 273 272 273 272 273 272 273 272 273 272 273 272 273 272 273 272 273 272 273 272 273 272 273 272 273 272 273 272 273 272 273 272 273 272 273 272 273 272 273 272 273 272 273 272 273 272 273 272 273 
304 305 304 305 304 305 304 305 304 305 304 305 304 305 304 305 304 305 304 305 304 305 304 305 304 305 304 305 304 305 304 305 304 305 304 305 304 305 304 305 304 305 304 305 304 305 304 305 304 305 304 305 304 305 304 305 304 305 
272 273 272 273 272 273 272 273 272 273 272 273 272 273 272 273 272 273 272 273 272 273 272 273 272 273 272 273 272 273 272 273 272 273 272 273 272 273 272 273 272 273 272 273 272 273 272 273 272 273 272 273 272 273 272 273 272 273 
304 305 304 305 304 305 304 305 304 305 304 305 304 305 304 305 304 305 304 305 304 305 304 305 304 305 304 305 304 305 304 305 304 305 304 305 304 305 304 305 304 305 304 305 304 305 304 305 304 305 304 305 304 305 304 305 304 305 
272 273 272 273 272 273 272 273 272 273 272 273 272 273 272 273 272 273 272 273 272 273 272 273 272 273 272 273 272 273 272 273 272 273 272 273 272 273 272 273 272 273 272 273 272 273 272 273 272 273 272 273 272 273 272 273 272 273 
304 305 304 305 304 305 304 305 304 305 304 305 304 305 304 305 304 305 304 305 304 305 304 305 304 305 304 305 304 305 304 305 304 305 304 305 304 305 304 305 304 305 304 305 304 305 304 305 304 305 304 305 304 305 304 305 304 305 
272 273 272 273 272 273 272 273 272 273 272 273 272 273 272 273 272 273 272 273 272 273 272 273 272 273 272 273 272 273 272 273 272 273 272 273 272 273 272 273 272 273 272 273 272 273 272 273 272 273 272 273 272 273 272 273 272 273 
304 305 304 305 304 305 304 305 304 305 304 305 304 305 304 305 304 305 304 305 304 305 304 305 304 305 304 305 304 305 304 305 304 305 304 305 304 305 304 305 304 305 304 305 304 305 304 305 304 305 304 305 304 305 304 305 304 305 
272 273 272 273 272 273 272 273 272 273 272 273 272 273 272 273 272 273 272 273 272 273 272 273 272 273 272 273 272 273 272 273 272 273 272 273 272 273 272 273 272 273 272 273 272 273 272 273 272 273 272 273 272 273 272 273 272 273 
304 305 304 305 304 305 304 305 304 305 304 305 304 305 304 305 304 305 304 305 304 305 304 305 304 305 304 305 304 305 304 305 304 305 304 305 304 305 304 305 304 305 304 305 304 305 304 305 304 305 304 305 304 305 304 305 304 305 
272 273 272 273 272 273 272 273 272 273 272 273 272 273 272 273 272 273 272 273 272 273 272 273 272 273 272 273 272 273 272 273 272 273 272 273 272 273 272 273 272 273 272 273 272 273 272 273 272 273 272 273 272 273 272 273 272 273 
304 305 304 305 304 305 304 305 304 305 304 305 304 305 304 305 304 305 304 305 304 305 304 305 304 305 304 305 304 305 304 305 304 305 304 305 304 305 304 305 304 305 304 305 304 305 304 305 304 305 304 305 304 305 304 305 304 305 
272 273 272 273 272 273 272 273 272 273 272 273 272 273 272 273 272 273 272 273 272 273 272 273 272 273 272 273 272 273 272 273 272 273 272 273 272 273 272 273 272 273 272 273 272 273 272 273 272 273 272 273 272 273 272 273 272 273 
304 305 304 305 304 305 304 305 304 305 304 305 304 305 304 305 304 305 304 305 304 305 304 305 304 305 304 305 304 305 304 305 304 305 304 305 304 305 304 305 304 305 304 305 304 305 304 305 304 305 304 305 304 305 304 305 304 305 
272 273 272 273 272 273 272 273 272 273 272 273 272 273 272 273 272 273 272 273 272 273 272 273 272 273 272 273 272 273 272 273 272 273 272 273 272 273 272 273 272 273 272 273 272 273 272 273 272 273 272 273 272 273 272 273 272 273 
304 305 304 305 304 305 304 305 304 305 304 305 304 305 304 305 304 305 304 305 304 305 304 305 304 305 304 305 304 305 304 305 304 305 304 305 304 305 304 305 304 305 304 305 304 305 304 305 304 305 304 305 304 305 304 305 304 305 
272 273 272 273 272 273 272 273 272 273 272 273 272 273 272 273 272 273 272 273 272 273 272 273 272 273 272 273 272 273 272 273 272 273 272 273 272 273 272 273 272 273 272 273 272 273 272 273 272 273 272 273 272 273 272 273 272 273 
304 305 304 305 304 305 304 305 304 305 304 305 304 305 304 305 304 305 304 305 304 305 304 305 304 305 304 305 304 305 304 305 304 305 304 305 304 305 304 305 304 305 304 305 304 305 304 305 304 305 304 305 304 305 304 305 304 305 
272 273 272 273 272 273 272 273 272 273 272 273 272 273 272 273 272 273 272 273 272 273 272 273 272 273 272 273 272 273 272 273 272 273 272 273 272 273 272 273 272 273 272 273 272 273 272 273 272 273 272 273 272 273 272 273 272 273 
304 305 304 305 304 305 304 305 304 305 304 305 304 305 304 305 304 305 304 305 304 305 304 305 304 305 304 305 304 305 304 305 304 305 304 305 304 305 304 305 304 305 304 305 304 305 304 305 304 305 304 305 304 305 304 305 304 305 
272 273 272 273 272 273 272 273 272 273 272 273 272 273 272 273 272 273 272 273 272 273 272 273 272 273 272 273 272 273 272 273 272 273 272 273 272 273 272 273 272 273 272 273 272 273 272 273 272 273 272 273 272 273 272 273 272 273 
304 305 304 305 304 305 304 305 304 305 304 305 304 305 304 305 304 305 304 305 304 305 304 305 304 305 304 305 304 305 304 305 304 305 304 305 304 305 304 305 304 305 304 305 304 305 304 305 304 305 304 305 304 305 304 305 304 305 
